304352772 78.5
304197080 82
304261348 64.5
304230021 84.5
304147819 84.5
304308834 90
304310322 84.5
304476569 78
304412224 90.5
304214662 76
304294646 82.5
304297647 75.5
304359177 83
304367391 80.5
304462493 68.5
304367391 80.5
304173563 82.5
304370678 89.5
304199458 83
304476569 78
304458082 84
304289166 78.5
304308834 90
304251856 88
304284259 75.5
304269514 92.5
304183886 92.5
304424356 79.5
304197080 82
304432271 88.5
304297647 75.5
304454948 75.5
304197080 82
304228746 76.5
304430828 75
304307100 86.5
304294098 76.5
304252581 70
304230021 84.5
304434179 76.5
304230021 84.5
304266542 90.5
304395673 76.5
304458082 84
304230021 84.5
304451173 80.5
304458082 84
304300942 87.5
304418373 87
304276622 78
304406630 75.5
304472845 71
304369822 80.5
304367391 80.5
304330007 83.5
304453269 76
304300942 87.5
304420635 80
304294329 79.5
304420635 80
304434179 76.5
304278104 76.5
304453269 76
304420635 80
304307944 73
304353354 82
304289192 83
304407989 80
304420635 80
304434179 76.5
304421798 75
304412833 69
304420635 80
304346438 85
304455296 82.5
304367391 80.5
304355461 93.5
304432591 82.5
304452565 80.5
304407685 80
304344313 83
304310322 84.5
304406630 75.5
304421798 75
304412833 69
304412224 90.5
304471066 78.5
304434760 89.5
304352772 78.5
304476569 78
304452565 80.5
304428534 87.5
304472845 71
304355519 70
304399693 69
304398994 77
304406630 75.5
304453269 76
304367839 75
304420635 80
304476569 78
304452565 80.5
304454948 75.5
304407989 80
304414322 69.5
304471066 78.5
304388259 75
304462493 68.5
304486752 79.5
304455444 77
304424356 79.5
304414322 69.5
304401934 74
304414322 69.5
304455444 77
304462493 68.5
304452565 80.5
304438890 76.5
304420635 80
304471066 78.5
304414322 69.5
304434179 76.5
304486752 79.5
304454948 75.5
304434179 76.5
304455444 77
304434760 89.5
304476569 78
304432591 82.5
304455296 82.5
304438890 76.5
304453269 76
304452923 89
304475880 73
304475880 73
304452923 89
304462493 68.5
304475880 73
304453269 76
304486163 73.5
304455296 82.5
304486163 73.5
304471066 78.5
304472845 71
304476569 78
304486752 79.5
304472845 71
304476569 78
304486752 79.5
304486752 79.5
